 Date      Apparent     Apparent	Ang.
(0 UT)       R.A.      Declination 
            h  m  s        °  '  "	 " 
  Jan 01   20 54 56.32   -15 20 11.3   1831.7  
  Jan 02   21 46 31.28   -12 28 41.3   1848.0
  Jan 03   22 37 41.12   -08 57 58.8   1865.3
  Jan 04   23 28 41.28   -04 57 21.1   1883.7
  Jan 05   00 20 00.16   -00 37 33.5   1902.8
  Jan 06   01 12 14.84   +03 49 09.5   1922.0
  Jan 07   02 06 04.87   +08 08 48.2   1940.3
  Jan 08   03 02 03.92   +12 05 28.6   1956.0
  Jan 09   04 00 28.41   +15 21 53.5   1967.5
  Jan 10   05 01 05.27   +17 41 09.5   1973.0
  Jan 11   06 03 05.08   +18 49 56.8   1971.0
  Jan 12   07 05 08.91   +18 42 00.7   1961.1
  Jan 13   08 05 50.62   +17 20 09.7   1943.8
  Jan 14   09 04 03.29   +14 55 16.1   1920.7
  Jan 15   09 59 14.53   +11 42 55.4   1893.9
  Jan 16   10 51 26.03   +07 59 40.5   1865.9
  Jan 17   11 41 03.59   +04 00 27.9   1839.0
  Jan 18   12 28 45.98   -00 02 23.3   1815.1
  Jan 19   13 15 16.64   -03 59 04.4   1795.7
  Jan 20   14 01 18.52   -07 41 36.8   1781.5
  Jan 21   14 47 30.93   -11 03 04.9   1772.9
  Jan 22   15 34 27.10   -13 56 55.5   1770.1
  Jan 23   16 22 31.57   -16 16 35.0   1772.7
  Jan 24   17 11 57.44   -17 55 28.2   1780.1
  Jan 25   18 02 44.23   -18 47 23.0   1791.5
  Jan 26   18 54 37.70   -18 47 19.7   1805.9
  Jan 27   19 47 13.07   -17 52 31.3   1822.3
  Jan 28   20 40 01.76   -16 03 16.4   1839.5
  Jan 29   21 32 39.61   -13 23 25.2   1856.7
  Jan 30   22 24 53.86   -10 00 09.8   1873.1
  Jan 31   23 16 46.44   -06 03 26.9   1888.2